Peludaa
Jefe
2900.0
2500.0
152.0
250.0
0.0
5802.0
272.895
0.0
0.0
0.0
0.0
272.895
5529.105
Brats
Rata mayor
7800.0
0.0
0.0
0.0
0.0
7800.0
376.74
468.0
0.0
0.0
0.0
844.74
6955.26
jj
kaka
9000.0
0.0
0.0
0.0
0.0
9000.0
434.7
540.0
0.0
0.0
0.0
974.7
8025.3
hhh
jojo
7000.0
0.0
0.0
0.0
0.0
7000.0
338.1
350.0
0.0
0.0
0.0
688.1
6311.9
Sebas
Jefe
4200.0
0.0
0.0
0.0
0.0
4200.0
202.86
0.0
0.0
0.0
0.0
202.86
3997.14
Pedosdos
jefee
5000.0
0.0
0.0
0.0
0.0
5000.0
241.5
0.0
0.0
0.0
0.0
241.5
4758.5
Angel
Kaka
4500.0
0.0
0.0
0.0
0.0
4500.0
217.35
0.0
0.0
0.0
0.0
217.35
4282.65
Heidy
Kaka
4563.0
0.0
0.0
0.0
0.0
4563.0
220.3929
0.0
0.0
0.0
0.0
220.3929
4342.607
Ashley
Jaja
4500.0
0.0
0.0
0.0
0.0
4500.0
217.35
0.0
0.0
0.0
0.0
217.35
4282.65
Geovani
Hueco
4560.0
0.0
0.0
0.0
0.0
4560.0
220.248
0.0
0.0
0.0
0.0
220.248
4339.752
Chacon
JAJAJA
4800.0
0.0
0.0
0.0
0.0
4800.0
231.84
0.0
0.0
0.0
0.0
231.84
4568.16
Mauricio
Jefe
8000.0
0.0
0.0
0.0
0.0
8000.0
386.4
480.0
0.0
0.0
0.0
866.4
7133.6
Alejandro
joto
8000.0
0.0
0.0
0.0
0.0
8000.0
386.4
480.0
0.0
0.0
0.0
866.4
7133.6
Daniela
Josefina
4500.0
0.0
0.0
0.0
0.0
4500.0
217.35
0.0
0.0
0.0
0.0
217.35
4282.65
Josemaria
Hueco
8000.0
0.0
0.0
0.0
0.0
8000.0
386.4
480.0
0.0
0.0
0.0
866.4
7133.6
